dialog_id,CooperativityRate,Turn Exchange,Formal System Query,NL System Query,Formal User Response,User Response,NL_Student,Correctness Rate,Naturalness Rate,Evaluator,Comments,Board
312,50,0,Start(),"Hi, could you teach me how to play Quarto?",Start,Sure!,Shaobo,5,5,Dmytro,,10-0-0-0-0-11-0-0-0-0-15-0-0-0-0-14
312,50,1,RequestNewWinCondition(),Could you show me a win first?,Inform,Assume you demonstrate this win condition,Shaobo,5,5,Dmytro,,0-0-13-0-0-0-10-0-0-0-1-0-0-0-5-0
312,50,2,RequestNewWinCondition(),Could you show me one more winning board?,Inform,Assume you demonstrate this win condition,Shaobo,5,5,Dmytro,,12-0-0-0-0-11-0-0-0-0-8-0-0-0-0-16
312,50,3,"Same, Confirm(User_ID=1, RemovePiece(3,0))","For the board you just showed me, is it still a win if I remove the piece on the top row?",NotSure(),I don't think so but I am not sure.,Shaobo,5,4,Dmytro,,12-0-0-0-0-11-0-0-0-0-8-0-0-0-0-16
312,50,4,"Context Switch, Confirm(User_ID=1, Hollowness)","And for this board, is it a win because of the hollowness of the pieces? ",Affirm(),Yes.,Shaobo,5,5,Dmytro,,0-0-13-0-0-0-10-0-0-0-1-0-0-0-5-0
312,50,5,"Same, Confirm(User_ID=1, AddPiece(3,1))",And is it still a win if I add a piece on the top row and the second column?,Affirm(),"Yes, it is still a win.",Shaobo,5,5,Dmytro,,0-0-13-0-0-0-10-0-0-0-1-0-0-0-5-0
312,50,6,RequestNewWinCondition(),Could you show me one more winning board?,Inform,Assume you demonstrate this win condition,Shaobo,5,5,Dmytro,,9-0-0-0-0-13-0-0-0-0-1-0-0-0-0-11
312,50,7,"Context Switch, Request(User_ID=1, Translate)","And for this board, how could I shift the pieces and still keep the win?",Inform([]),You cannot shift the pieces and still keep the win.,Shaobo,5,4,Dmytro,,12-0-0-0-0-11-0-0-0-0-8-0-0-0-0-16
312,50,8,"Context Switch, Request(User_ID=1, Translate)","Switching to this board, how could I shift the pieces and still keep the win?",Inform(['col1']),You could shift it to the second column from left to right.,Shaobo,5,4,Dmytro,,0-0-13-0-0-0-10-0-0-0-1-0-0-0-5-0
312,50,9,"Same, Confirm(User_ID=1, Color)",And is it a win because of the color of the pieces?,Negate(),"No, it is a win because all pieces are solid.",Shaobo,5,5,Dmytro,,0-0-13-0-0-0-10-0-0-0-1-0-0-0-5-0
312,50,10,"Same, Confirm(User_ID=1, Shape)","Still for this board, is it a win because of the shape of the pieces?",NotSure(),I don't think so but I am not sure.,Shaobo,5,3,Dmytro,,0-0-13-0-0-0-10-0-0-0-1-0-0-0-5-0
312,50,11,Finish(),Thank you! I have learned a lot!,Finish,You are welcome!,Shaobo,5,5,Dmytro,,0-0-13-0-0-0-10-0-0-0-1-0-0-0-5-0
